0.000000000000000000e+00
4.809619238476953856e-02
9.619238476953907713e-02
1.442885771543086226e-01
1.923847695390781543e-01
2.404809619238476859e-01
2.885771543086172453e-01
3.366733466933867769e-01
3.847695390781563085e-01
4.328657314629258401e-01
4.809619238476953718e-01
5.290581162324649034e-01
5.771543086172344905e-01
6.252505010020039666e-01
6.733466933867735538e-01
7.214428857715430299e-01
7.695390781563126170e-01
8.176352705410822042e-01
8.657314629258516803e-01
9.138276553106212674e-01
9.619238476953907435e-01
1.010020040080160220e+00
1.058116232464929807e+00
1.106212424849699394e+00
1.154308617234468981e+00
1.202404809619238568e+00
1.250501002004007933e+00
1.298597194388777520e+00
1.346693386773547108e+00
1.394789579158316695e+00
1.442885771543086060e+00
1.490981963927855647e+00
1.539078156312625234e+00
1.587174348697394821e+00
1.635270541082164408e+00
1.683366733466933773e+00
1.731462925851703361e+00
1.779559118236472948e+00
1.827655310621242535e+00
1.875751503006011900e+00
1.923847695390781487e+00
1.971943887775551074e+00
2.020040080160320439e+00
2.068136272545090026e+00
2.116232464929859614e+00
2.164328657314629201e+00
2.212424849699398788e+00
2.260521042084168375e+00
2.308617234468937962e+00
2.356713426853707549e+00
2.404809619238477136e+00
2.452905811623246279e+00
2.501002004008015867e+00
2.549098196392785454e+00
2.597194388777555041e+00
2.645290581162324628e+00
2.693386773547094215e+00
2.741482965931863802e+00
2.789579158316633389e+00
2.837675350701402976e+00
2.885771543086172120e+00
2.933867735470941707e+00
2.981963927855711294e+00
3.030060120240480881e+00
3.078156312625250468e+00
3.126252505010020055e+00
3.174348697394789642e+00
3.222444889779559229e+00
3.270541082164328817e+00
3.318637274549097960e+00
3.366733466933867547e+00
3.414829659318637134e+00
3.462925851703406721e+00
3.511022044088176308e+00
3.559118236472945895e+00
3.607214428857715482e+00
3.655310621242485070e+00
3.703406813627254657e+00
3.751503006012023800e+00
3.799599198396793387e+00
3.847695390781562974e+00
3.895791583166332561e+00
3.943887775551102148e+00
3.991983967935871735e+00
4.040080160320640879e+00
4.088176352705410466e+00
4.136272545090180053e+00
4.184368737474949640e+00
4.232464929859719227e+00
4.280561122244488814e+00
4.328657314629258401e+00
4.376753507014027988e+00
4.424849699398797576e+00
4.472945891783567163e+00
4.521042084168336750e+00
4.569138276553106337e+00
4.617234468937875924e+00
4.665330661322645511e+00
4.713426853707415098e+00
4.761523046092184686e+00
4.809619238476954273e+00
4.857715430861722972e+00
4.905811623246492559e+00
4.953907815631262146e+00
5.002004008016031733e+00
5.050100200400801320e+00
5.098196392785570907e+00
5.146292585170340494e+00
5.194388777555110082e+00
5.242484969939879669e+00
5.290581162324649256e+00
5.338677354709418843e+00
5.386773547094188430e+00
5.434869739478958017e+00
5.482965931863727604e+00
5.531062124248497192e+00
5.579158316633266779e+00
5.627254509018036366e+00
5.675350701402805953e+00
5.723446893787574652e+00
5.771543086172344239e+00
5.819639278557113826e+00
5.867735470941883413e+00
5.915831663326653000e+00
5.963927855711422588e+00
6.012024048096192175e+00
6.060120240480961762e+00
6.108216432865731349e+00
6.156312625250500936e+00
6.204408817635270523e+00
6.252505010020040110e+00
6.300601202404809698e+00
6.348697394789579285e+00
6.396793587174348872e+00
6.444889779559118459e+00
6.492985971943888046e+00
6.541082164328657633e+00
6.589178356713427220e+00
6.637274549098195919e+00
6.685370741482965506e+00
6.733466933867735094e+00
6.781563126252504681e+00
6.829659318637274268e+00
6.877755511022043855e+00
6.925851703406813442e+00
6.973947895791583029e+00
7.022044088176352616e+00
7.070140280561122204e+00
7.118236472945891791e+00
7.166332665330661378e+00
7.214428857715430965e+00
7.262525050100200552e+00
7.310621242484970139e+00
7.358717434869739726e+00
7.406813627254509314e+00
7.454909819639278901e+00
7.503006012024047600e+00
7.551102204408817187e+00
7.599198396793586774e+00
7.647294589178356361e+00
7.695390781563125948e+00
7.743486973947895535e+00
7.791583166332665122e+00
7.839679358717434710e+00
7.887775551102204297e+00
7.935871743486973884e+00
7.983967935871743471e+00
8.032064128256513058e+00
8.080160320641281757e+00
8.128256513026052232e+00
8.176352705410820931e+00
8.224448897795591407e+00
8.272545090180360106e+00
8.320641282565130581e+00
8.368737474949899280e+00
8.416833667334669755e+00
8.464929859719438454e+00
8.513026052104208929e+00
8.561122244488977628e+00
8.609218436873748104e+00
8.657314629258516803e+00
8.705410821643287278e+00
8.753507014028055977e+00
8.801603206412824676e+00
8.849699398797595151e+00
8.897795591182363850e+00
8.945891783567134325e+00
8.993987975951903024e+00
9.042084168336673500e+00
9.090180360721442199e+00
9.138276553106212674e+00
9.186372745490981373e+00
9.234468937875751848e+00
9.282565130260520547e+00
9.330661322645291023e+00
9.378757515030059722e+00
9.426853707414830197e+00
9.474949899799598896e+00
9.523046092184369371e+00
9.571142284569138070e+00
9.619238476953908545e+00
9.667334669338677244e+00
9.715430861723445943e+00
9.763527054108216419e+00
9.811623246492985118e+00
9.859719438877755593e+00
9.907815631262524292e+00
9.955911823647294767e+00
1.000400801603206347e+01
1.005210420841683394e+01
1.010020040080160264e+01
1.014829659318637312e+01
1.019639278557114181e+01
1.024448897795591229e+01
1.029258517034068099e+01
1.034068136272545146e+01
1.038877755511022016e+01
1.043687374749499064e+01
1.048496993987975934e+01
1.053306613226452981e+01
1.058116232464929851e+01
1.062925851703406721e+01
1.067735470941883769e+01
1.072545090180360638e+01
1.077354709418837686e+01
1.082164328657314556e+01
1.086973947895791603e+01
1.091783567134268473e+01
1.096593186372745521e+01
1.101402805611222391e+01
1.106212424849699438e+01
1.111022044088176308e+01
1.115831663326653356e+01
1.120641282565130226e+01
1.125450901803607273e+01
1.130260521042084143e+01
1.135070140280561191e+01
1.139879759519038060e+01
1.144689378757514930e+01
1.149498997995991978e+01
1.154308617234468848e+01
1.159118236472945895e+01
1.163927855711422765e+01
1.168737474949899813e+01
1.173547094188376683e+01
1.178356713426853730e+01
1.183166332665330600e+01
1.187975951903807648e+01
1.192785571142284518e+01
1.197595190380761565e+01
1.202404809619238435e+01
1.207214428857715482e+01
1.212024048096192352e+01
1.216833667334669400e+01
1.221643286573146270e+01
1.226452905811623317e+01
1.231262525050100187e+01
1.236072144288577057e+01
1.240881763527054105e+01
1.245691382765530975e+01
1.250501002004008022e+01
1.255310621242484892e+01
1.260120240480961940e+01
1.264929859719438809e+01
1.269739478957915857e+01
1.274549098196392727e+01
1.279358717434869774e+01
1.284168336673346644e+01
1.288977955911823692e+01
1.293787575150300562e+01
1.298597194388777609e+01
1.303406813627254479e+01
1.308216432865731527e+01
1.313026052104208397e+01
1.317835671342685444e+01
1.322645290581162314e+01
1.327454909819639184e+01
1.332264529058116231e+01
1.337074148296593101e+01
1.341883767535070149e+01
1.346693386773547019e+01
1.351503006012024066e+01
1.356312625250500936e+01
1.361122244488977984e+01
1.365931863727454854e+01
1.370741482965931901e+01
1.375551102204408771e+01
1.380360721442885819e+01
1.385170340681362688e+01
1.389979959919839736e+01
1.394789579158316606e+01
1.399599198396793653e+01
1.404408817635270523e+01
1.409218436873747393e+01
1.414028056112224441e+01
1.418837675350701311e+01
1.423647294589178358e+01
1.428456913827655228e+01
1.433266533066132276e+01
1.438076152304609145e+01
1.442885771543086193e+01
1.447695390781563063e+01
1.452505010020040110e+01
1.457314629258516980e+01
1.462124248496994028e+01
1.466933867735470898e+01
1.471743486973947945e+01
1.476553106212424815e+01
1.481362725450901863e+01
1.486172344689378733e+01
1.490981963927855780e+01
1.495791583166332650e+01
1.500601202404809520e+01
1.505410821643286567e+01
1.510220440881763437e+01
1.515030060120240485e+01
1.519839679358717355e+01
1.524649298597194402e+01
1.529458917835671272e+01
1.534268537074148320e+01
1.539078156312625190e+01
1.543887775551102237e+01
1.548697394789579107e+01
1.553507014028056155e+01
1.558316633266533024e+01
1.563126252505010072e+01
1.567935871743486942e+01
1.572745490981963989e+01
1.577555110220440859e+01
1.582364729458917907e+01
1.587174348697394777e+01
1.591983967935871647e+01
1.596793587174348694e+01
1.601603206412825742e+01
1.606412825651302612e+01
1.611222444889779482e+01
1.616032064128256351e+01
1.620841683366733577e+01
1.625651302605210446e+01
1.630460921843687316e+01
1.635270541082164186e+01
1.640080160320641411e+01
1.644889779559118281e+01
1.649699398797595151e+01
1.654509018036072021e+01
1.659318637274549246e+01
1.664128256513026116e+01
1.668937875751502986e+01
1.673747494989979856e+01
1.678557114228456726e+01
1.683366733466933951e+01
1.688176352705410821e+01
1.692985971943887691e+01
1.697795591182364561e+01
1.702605210420841786e+01
1.707414829659318656e+01
1.712224448897795526e+01
1.717034068136272396e+01
1.721843687374749621e+01
1.726653306613226491e+01
1.731462925851703361e+01
1.736272545090180230e+01
1.741082164328657456e+01
1.745891783567134325e+01
1.750701402805611195e+01
1.755511022044088065e+01
1.760320641282564935e+01
1.765130260521042160e+01
1.769939879759519030e+01
1.774749498997995900e+01
1.779559118236472770e+01
1.784368737474949995e+01
1.789178356713426865e+01
1.793987975951903735e+01
1.798797595190380605e+01
1.803607214428857830e+01
1.808416833667334700e+01
1.813226452905811570e+01
1.818036072144288440e+01
1.822845691382765665e+01
1.827655310621242535e+01
1.832464929859719405e+01
1.837274549098196275e+01
1.842084168336673500e+01
1.846893787575150370e+01
1.851703406813627240e+01
1.856513026052104109e+01
1.861322645290580979e+01
1.866132264529058205e+01
1.870941883767535074e+01
1.875751503006011944e+01
1.880561122244488814e+01
1.885370741482966039e+01
1.890180360721442909e+01
1.894989979959919779e+01
1.899799599198396649e+01
1.904609218436873874e+01
1.909418837675350744e+01
1.914228456913827614e+01
1.919038076152304484e+01
1.923847695390781709e+01
1.928657314629258579e+01
1.933466933867735449e+01
1.938276553106212319e+01
1.943086172344689189e+01
1.947895791583166414e+01
1.952705410821643284e+01
1.957515030060120154e+01
1.962324649298597024e+01
1.967134268537074249e+01
1.971943887775551119e+01
1.976753507014027988e+01
1.981563126252504858e+01
1.986372745490982084e+01
1.991182364729458953e+01
1.995991983967935823e+01
2.000801603206412693e+01
2.005611222444889918e+01
2.010420841683366788e+01
2.015230460921843658e+01
2.020040080160320528e+01
2.024849699398797398e+01
2.029659318637274623e+01
2.034468937875751493e+01
2.039278557114228363e+01
2.044088176352705233e+01
2.048897795591182458e+01
2.053707414829659328e+01
2.058517034068136198e+01
2.063326653306613068e+01
2.068136272545090293e+01
2.072945891783567163e+01
2.077755511022044033e+01
2.082565130260520903e+01
2.087374749498998128e+01
2.092184368737474998e+01
2.096993987975951867e+01
2.101803607214428737e+01
2.106613226452905963e+01
2.111422845691382832e+01
2.116232464929859702e+01
2.121042084168336572e+01
2.125851703406813442e+01
2.130661322645290667e+01
2.135470941883767537e+01
2.140280561122244407e+01
2.145090180360721277e+01
2.149899799599198502e+01
2.154709418837675372e+01
2.159519038076152242e+01
2.164328657314629112e+01
2.169138276553106337e+01
2.173947895791583207e+01
2.178757515030060077e+01
2.183567134268536947e+01
2.188376753507014172e+01
2.193186372745491042e+01
2.197995991983967912e+01
2.202805611222444782e+01
2.207615230460921651e+01
2.212424849699398877e+01
2.217234468937875747e+01
2.222044088176352616e+01
2.226853707414829486e+01
2.231663326653306711e+01
2.236472945891783581e+01
2.241282565130260451e+01
2.246092184368737321e+01
2.250901803607214546e+01
2.255711422845691416e+01
2.260521042084168286e+01
2.265330661322645156e+01
2.270140280561122381e+01
2.274949899799599251e+01
2.279759519038076121e+01
2.284569138276552991e+01
2.289378757515029861e+01
2.294188376753507086e+01
2.298997995991983956e+01
2.303807615230460826e+01
2.308617234468937696e+01
2.313426853707414921e+01
2.318236472945891791e+01
2.323046092184368661e+01
2.327855711422845530e+01
2.332665330661322756e+01
2.337474949899799626e+01
2.342284569138276495e+01
2.347094188376753365e+01
2.351903807615230590e+01
2.356713426853707460e+01
2.361523046092184330e+01
2.366332665330661200e+01
2.371142284569138425e+01
2.375951903807615295e+01
2.380761523046092165e+01
2.385571142284569035e+01
2.390380761523045905e+01
2.395190380761523130e+01
2.400000000000000000e+01
